1 1
0 0
2 0
0 0
0 0
0 0
-2 0
-1 0
-2 -3
-1 0
3 -1
-1 0
1 -2
-1 0
4065 -4
-1 0
-271 -55
-1 -1
-4 -1
-1 -1
-3 -1
-1 -1
-1 2
0 -1
5 -1
0 -1
0 -2
0 -1
-3 -1
0 -1
-3 0
0 0
2 1
0 0
2 1
0 0
-1 -1
-1 0
-1 -1
-1 0
-4 -2
-1 0
-4 -2
-1 0
-1 -2
-1 -1
236 47
-1 -1
-123 -59
-1 -1
0 0
-1 -1
0 -1
0 -1
-2 1
0 -1
0 -2
0 -1
-1 1
0 -1
1 2
0 0
2 1
0 0
1 3
0 0
1 2
-1 0
0 1
-1 0
-1 4
-1 0
3 0
-1 0
-1 -1
-1 -1
1 0
-1 -1
115 47
-1 -1
-75 -52
-1 -1
1 0
0 -1
-1 -1
0 -1
-6 -3
0 -1
-3 -1
0 -1
-1 -2
0 0
-1 0
0 0
0 3
0 0
-1 -3
-1 0
1 3
-1 0
-3 -4
-1 0
0 -1
-1 0
-4 -6
-1 -1
-2 -3
-1 -1
0 2
-1 -1
77 50
-1 -1
-50 -52
0 -1
-1 -1
0 -1
0 -3
0 -1
-2 -1
0 -1
2 1
0 0
0 -2
0 0
-2 -4
0 0
1 5
0 0
-1 4
-1 0
0 -2
-1 0
-1 3
-1 0
-2 -1
-1 -1
2 -1
-1 -1
-1 1
-1 -1
0 -3
-1 -1
49 48
0 -1
-32 -52
0 -1
0 -1
0 -1
0 1
0 -1
-3 -1
0 0
3 -3
0 0
-2 3
0 0
1 -3
0 0
0 -2
-1 0
-2 -1
-1 0
0 0
-1 0
-3 1
-1 -1
-1 -1
-1 -1
-2 3
-1 -1
-1 1
-1 -1
0 -1
0 -1
32 51
0 -1
-16 -51
0 -1
0 -2
0 -1
-2 2
0 0
-1 -2
0 0
2 -5
0 0
1 -1
0 0
-2 1
-1 0
-1 -1
-1 0
1 -3
-1 0
4 -4
-1 -1
0 -1
-1 -1
-3 0
-1 -1
-4 1
-1 -1
1 -2
0 -1
0 0
0 -1
19 52
0 -1
-8 -52
0 -1
-3 0
0 0
3 -1
0 0
-3 -1
0 0
0 2
0 0
-2 1
-1 0
0 -2
-1 0
-1 1
-1 0
-1 -2
-1 -1
2 -1
-1 -1
-1 0
-1 -1
-7 0
-1 -1
1 1
0 -1
1 -1
0 -1
-2 1
0 -1
9 48
0 -1
4 -51
0 0
-2 0
0 0
-6 -1
0 0
0 -2
0 0
0 1
-1 0
1 -1
-1 0
-2 0
-1 0
-2 2
-1 0
-4 -2
-1 -1
-2 -1
-1 -1
1 0
-1 -1
1 -2
0 -1
2 -1
0 -1
-6 0
0 -1
-2 -1
0 -1
1 49
0 0
10 -50
0 0
-2 -2
0 0
1 0
0 0
1 1
-1 0
-4 1
-1 0
-1 -1
-1 0
2 0
-1 0
-2 1
-1 -1
0 -1
-1 -1
0 1
-1 -1
-2 -2
0 -1
2 -3
0 -1
-1 1
0 -1
3 0
0 -1
-3 -1
0 0
-5 52
0 0
15 -51
0 0
0 -1
0 0
1 1
-1 0
-3 -4
-1 0
-2 0
-1 0
0 0
-1 0
4 3
-1 -1
1 0
-1 -1
-1 0
-1 -1
-2 -2
0 -1
1 0
0 -1
4 1
0 -1
-3 -1
0 -1
-2 -3
0 0
0 1
0 0
-20 50
0 0
33 -51
0 0
0 0
-1 0
-1 -2
-1 0
-2 -2
-1 0
-1 2
-1 0
-3 -2
-1 -1
0 -1
-1 -1
0 -1
-1 -1
-2 0
0 -1
1 2
0 -1
-2 -4
0 -1
4 2
0 -1
-1 2
0 0
0 -2
0 0
0 0
0 0
-33 51
0 0
47 -48
-1 0
0 2
-1 0
-1 -2
-1 0
3 -1
-1 0
-1 0
-1 -1
-1 -4
-1 -1
0 1
-1 -1
-2 -3
-1 -1
1 -6
0 -1
-2 3
0 -1
0 1
0 -1
-1 -2
0 0
-2 -3
0 0
0 2
0 0
-1 0
0 0
-51 54
0 0
74 -52
-1 0
0 -3
-1 0
-2 2
-1 0
-2 5
-1 -1
0 1
-1 -1
-3 3
-1 -1
1 -4
-1 -1
-3 2
0 -1
-2 -3
0 -1
-1 -1
0 -1
-1 1
0 0
1 -1
0 0
-3 2
0 0
-1 0
0 0
1 -1
-1 0
-75 51
-1 0
114 -45
-1 0
1 -1
-1 0
-1 0
-1 -1
4 0
-1 -1
0 -2
-1 -1
0 -2
-1 -1
1 -3
0 -1
5 -4
0 -1
4 -1
0 -1
1 -3
0 0
-1 -2
0 0
1 -2
0 0
1 -2
0 0
0 0
-1 0
0 -1
-1 0
-125 50
-1 0
238 -47
-1 0
-1 1
-1 -1
-4 1
-1 -1
-1 2
-1 -1
1 -2
-1 -1
-1 0
0 -1
2 -2
0 -1
1 -3
0 -1
-4 -1
0 0
-3 0
0 0
0 1
0 0
3 0
0 0
-2 -3
-1 0
-3 0
-1 0
-4 0
-1 0
-270 56
-1 0
4064 1
-1 -1
1 1
-1 -1
3 0
-1 -1
1 2
-1 -1
-3 2
0 -1
0 -1
0 -1
2 -1
0 -1
0 -2
0 -1
